Tumor_Sample_Barcode	DEL	DNP	INS	SNP	TNP
MD7028a	0	1	2	131	0
MD7029a	0	0	2	57	0
MD7030a	2	0	0	70	0
MD7031a	1	0	0	81	0
MD7031c	0	1	0	95	0
MD7031d	1	1	1	84	0
MD7031e	2	0	1	73	0
MD7031f	1	0	1	56	1
MD7032a	4	0	2	83	0
MD7032c	0	0	1	75	0
MD7033a	0	0	1	91	0
MD7034a	1	0	0	63	0
MD7035a	2	0	1	83	0
MD7035c	3	0	0	73	0
MD7035d	0	0	1	171	0
MD7035e	0	0	0	98	0
MD7036a	3	1	0	131	0
MD7037a	0	0	0	98	0
MD7037c	3	0	0	83	0
MD7038a	0	0	0	50	0
MD7038c	0	1	0	61	0
MD7038d	0	0	2	52	0
MD7039a	1	0	0	97	0
MD7040a	0	0	1	64	0
MD7040c	1	1	1	64	0
