Tumor_Sample_Barcode	DEL	DNP	INS	SNP	TNP
MD7028a	3	15	7	872	0
MD7029a	0	0	2	318	0
MD7030a	4	0	0	286	0
MD7031a	1	0	0	274	0
MD7031c	1	1	0	295	0
MD7031d	1	1	1	281	0
MD7031e	3	0	1	218	0
MD7031f	1	0	3	272	1
MD7032a	5	1	2	314	0
MD7032c	2	0	1	362	0
MD7033a	1	1	1	409	0
MD7034a	1	0	0	322	0
MD7035a	4	0	1	333	0
MD7035c	3	1	0	375	0
MD7035d	0	0	5	413	0
MD7035e	0	1	1	471	0
MD7036a	3	2	0	322	0
MD7037a	1	0	1	271	0
MD7037c	5	0	0	287	0
MD7038a	1	0	0	194	0
MD7038c	2	1	0	204	0
MD7038d	1	0	2	245	0
MD7039a	2	1	0	388	0
MD7040a	1	1	1	237	0
MD7040c	2	1	1	264	0
